C:\autostitch\data 3-1\S__5103644.jpg
1478 1108

2 0 553.5 
0 2 738.5 
0 0 1 

0.996619 0.0121576 0.0812526 
-0.0121174 0.999926 -0.000987836 
-0.0812585 1.13709e-008 0.996693 

536.656

C:\autostitch\data 3-1\S__5103645.jpg
1478 1108

2 0 553.5 
0 2 738.5 
0 0 1 

0.998067 0.0302774 0.0542803 
-0.0063976 0.918731 -0.394831 
-0.0618234 0.393721 0.917148 

539.601

C:\autostitch\data 3-1\S__5103646.jpg
1478 1108

2 0 553.5 
0 2 738.5 
0 0 1 

0.996896 0.0629514 0.0472812 
-0.00272656 0.627795 -0.778374 
-0.0786826 0.775829 0.626018 

542.666

C:\autostitch\data 3-1\S__5103647.jpg
1478 1108

2 0 553.5 
0 2 738.5 
0 0 1 

0.994288 0.0996367 0.0382514 
0.00470799 0.317109 -0.948377 
-0.106623 0.943141 0.314828 

544.885

C:\autostitch\data 3-1\S__5103648.jpg
1478 1108

2 0 553.5 
0 2 738.5 
0 0 1 

0.98919 0.145518 0.0181164 
0.0157953 0.0170903 -0.999729 
-0.145788 0.989208 0.014607 

544.612

